-0.411244827805
19.5086700603
50.6481504677
48.7126351586
23.1969436682
6.17343525321
-10.8281748961
16.4543841628
86.8347444117
64.0329083723
26.0897200934
8.35222416584
-12.4559576659
0.444135678943
-1.07886839525
-98.9606200753
11.5640550184
15.2877409394
3.989757758
-6.04789853473
-77.858030256
-302.017432551
-20.3576844908
7.24461323387
3.93713582994
-35.7826092574
-136.932495189
-63.8091079556
-19.6967642142
-8.64066231328
-3.76017562864
-29.9506473253
-62.2058809496
-31.042170076
-14.9727393171
-12.9012250424
10.1404345809
38.1487257662
106.32116835
114.252449293
45.155392827
12.8548863888
-28.8221486531
-0.796225633057
440.732457988
192.686347797
42.304488484
4.40056445847
-45.3848578635
22.5825483006
-16.6476873077
213.809511434
230.156190612
57.026021457
59.1521140297
110.779883183
152.334079262
199.830536229
139.59091141
51.1615954525
63.7336800554
46.9764411051
-2097.14955436
38.5602277387
23.9322202333
-6.38296901632
28.608743291
2.92810816408
-39.0126104424
42.5696648783
11.7485821531
-6.06172091044
-62.1537700838
-52.1201787025
2.11974785215
133.661282285
-35.2521627223
-77.7293534088
-74.3730579401
-30.8083359964
59.6950752832
819.615563943
-246.558817337
-156.893009386
-83.9035634147
142.185304741
8.69814471658
14.7329867465
-746.245096266
-54.8971356865
35.5014434197
835.235104109
-12.9528356228
-11.6330373386
-460.441085524
-46.9506480517
35.8708960146
157.773832433
0.748300863286
513.261357688
-159.932777369
-175.488958238
-28.9514241149
-30.855558465
-12.9810016124
90.397101294
-74.2371768172
-100.44951961
-65.3788234746
-108.353090428
-466.488903914
-45.7655103195
-53.0512771282
-73.0667060569
-16.6441591232
241.438832119
1099.30109976
-10.0734168137
21.1628346251
-73.2431806744
-28.3123880753
-183.053021721
-18.0627482435
-6.44678623548
-301.964102402
-1.76679710815
-7.96077298385
195.293008482
11.6847713576
4.99936122985
223.713348414
0.186041027048
24.3512382662
354.36455959
730.620081537
-74.3729587604
-54.3900177494
-86.1351726826
-37.299391264
-54.4041785555
-246.357488604
-94.9912765502
-82.398637196
-88.9590887895
-86.5351784021
-119.211800481
-201.368782488
-156.600594759
-94.3961988923
-75.8419099527
-73.0132720645
-59.8676724378
-67.4137219977
-250.246315725
-32.8872679942
-36.1535639463
-137.554151569
126.518531034
309.338783182
169.554076797
570.0734165
34.2241706619
-146.604044378
-189.615089704
1972.8268506
-84.8732464202
165.436691621
26.8457365067
-51.3967340722
1.9255325031
-140.628857157
347.401776742
28.4920179775
-29.7851935059
-69.0700204021
-99.8956448944
-275.862300655
-159.388670695
-89.6300095007
-79.1861983908
-7.62435866172
-21.4235498747
-52.996231334
-71.854595414
-22.2077995476
4.48969446439
-8.62719234215
-8.93350910443
-51.6404279536
-230.583305583
-8.93297684683
26.3084616645
-34.1193429973
-7.65261533074
162.414603351
52.4021126267
64.7351709509
54.3765709988
-36.3357510798
-14.5455127015
310.923886297
-39.0420499507
28.0187856575
48.5219937661
-2.83813715383
-1.87480026083
-33.3483694708
-344.564684054
-30.0132480612
22.0030129555
-0.263460941614
-16.2176310134
-51.9710946228
-61.5398197625
-21.9962117389
1.65147671707
