108.923327821
108.923327821
108.923327821
108.923327821
108.923327821
108.923327821
108.923327821
108.923327821
108.923327821
108.923327821
108.923327821
108.923327821
108.923327821
108.923327821
108.923327821
108.923327821
108.923327821
108.923327821
108.923327821
108.923327821
108.923327821
108.923327821
108.923327821
108.923327821
108.923327821
108.923327821
108.923327821
108.923327821
108.923327821
108.923327821
108.923327821
108.923327821
107.860959124
110.553296941
111.901005503
109.241994833
107.412595492
106.96090867
109.254065521
109.167728062
107.361517105
108.247585176
104.500435631
110.049276894
112.60999665
106.870501129
111.462977376
111.569002009
108.964024776
114.024598798
110.319659164
105.652779617
110.053328606
110.6851507
109.376280563
105.311453711
105.547005443
109.838771308
112.767409519
108.874274157
109.732165227
106.199447017
109.565443546
111.571109598
107.558265812
112.218872404
114.017713167
109.82381956
105.992052018
105.493733098
109.34614815
109.1561164
106.271850625
107.015381106
101.357034673
110.670989967
114.878831124
106.136010023
113.32811273
113.154456001
110.271525659
117.694739564
111.699580002
103.702629442
110.453068631
112.165280075
109.571744811
102.396047243
102.601328003
110.667086958
115.62552663
109.439848077
109.719543252
104.426808521
110.040709613
113.449911425
108.874867068
113.571520674
115.219224087
110.357078031
105.022014398
104.60446953
108.993002768
108.75734525
105.767672098
104.971222598
100.598471115
110.723663494
115.098829652
107.456516146
114.053716815
114.227153135
113.008669818
119.404826568
112.824838332
103.938829725
110.336190121
113.075689086
109.227057199
100.783296721
100.773629703
110.833159328
116.758541849
110.869923881
108.843916735
104.155016398
110.17668477
114.044405726
111.787434983
114.083303636
115.440980595
110.802053734
104.814427366
104.515559891
108.11054918
108.058790745
105.974565078
102.73120005
102.12017293
109.672599059
113.724714308
110.617233023
113.671268131
115.162797028
116.592533152
119.029768336
113.567946866
106.499949836
109.775714331
112.967987464
108.24844566
100.522089641
100.514183858
110.059029482
115.918616074
112.862811247
107.70318936
105.428295054
109.849457435
113.212626014
115.175528946
113.833607192
114.710708729
110.913009124
105.445087975
105.030384909
106.652360861
107.074726473
106.209905664
100.998931508
104.886948241
107.960125776
111.412664217
114.714425478
112.606872031
115.720919508
119.942287131
117.308192441
113.955385963
110.528223709
109.336276368
111.785241134
106.874169248
101.463563481
101.915540036
108.60083443
113.579003656
114.563461507
107.088706249
107.782851514
109.262449669
111.557220479
117.539026771
113.589780217
113.402978544
110.812906127
106.762096736
106.098397246
104.804891919
105.924131427
105.785315552
100.743965048
107.583221785
106.50342476
109.162469669
118.060857839
112.151613169
116.245218184
122.086329495
115.068257193
114.28649443
114.861553709
109.234290807
109.503291385
105.612748979
103.1437773
104.491802471
106.986018137
110.619452799
114.965851556
107.577854872
110.270507983
108.689599125
110.062371499
117.988317999
113.899262161
111.816263285
110.549622359
108.523609536
107.20145969
103.357065597
104.609807222
104.758834024
102.202659283
109.041136856
105.700469414
107.792610412
119.074688105
113.261546994
116.965546475
122.319431422
113.54666563
114.754523294
118.071275963
110.023393476
106.75512667
104.751768317
105.419877094
107.395859821
105.79359872
107.775343042
113.495129235
109.444052332
112.152325279
108.507668451
109.53062294
116.516450851
114.49337996
110.25257907
110.083580639
110.621296707
107.960411375
102.760499166
103.443608425
103.335022601
105.148869971
109.132817001
105.806262024
107.650527457
117.330741006
115.791875496
117.943199124
120.518062523
113.286977901
115.414165313
119.311151193
111.5042318
104.203238369
104.523560998
108.084531062
109.630023485
105.016145801
105.66190098
110.6070787
112.430029723
113.084564183
109.074318229
110.127211462
113.818587302
114.550412375
109.360038664
109.674610683
112.506588149
108.473616385
103.131599838
102.249734147
102.337173008
108.451036283
108.091797307
106.668436359
108.729448026
113.815832142
118.760626448
118.841324078
117.076068838
114.3733607
116.295307062
118.581898651
113.149893292
102.774965625
104.760287027
110.434977141
110.861378183
104.72993253
104.39327878
107.514561334
115.376844199
113.233694091
110.545458532
111.352776848
110.952662708
113.476667095
109.446827963
109.766273836
113.555225296
108.795025981
104.155482041
101.233571843
102.330441484
110.814696236
106.893179317
107.891328995
110.380973348
110.294751734
120.906249565
119.074369096
113.153975762
116.039000688
117.232751557
116.719489371
114.009625711
102.890822167
105.442219946
111.792323113
111.003263868
105.218640439
103.715556231
105.081279697
116.576741992
113.162557182
112.514693085
112.60476945
108.77626266
111.327106629
110.371765365
110.286205747
113.265425915
109.18293712
105.626178295
100.860171036
103.579968418
111.480369223
106.353313863
109.448041115
111.707970489
108.321353652
121.252489388
118.536567275
110.546409889
117.357613103
117.797822431
114.39199604
113.714406781
104.871852385
106.589359704
112.056754558
110.577432502
106.089941534
103.415907084
104.081583127
115.358144418
113.333997925
114.454070296
113.639183717
107.586311774
108.882496386
111.442648683
111.389998027
111.80159524
109.585897004
107.143663048
101.58435227
105.752475227
110.482341873
107.130276289
111.075386215
112.362230843
108.678808807
119.076602958
117.198018301
110.192412063
117.572591801
117.766963548
112.205528979
112.363955627
108.24882649
108.400605436
111.535588171
109.761399555
107.23515526
103.661168042
104.696365344
112.16832714
113.940869405
115.841244191
114.034988292
107.361748931
106.877028927
112.06460506
112.792859688
109.913968317
110.072557737
108.41691944
103.861059136
108.008232753
108.310662341
109.033549315
112.473919921
112.265202142
110.882613053
114.884834696
115.047467061
111.833045447
116.57886269
116.809765125
110.661755278
110.351189628
112.174292183
110.553468181
110.263257027
108.726112025
108.497874291
104.643800192
106.436307073
108.435484184
114.53555141
116.54203413
113.823669388
107.789014802
105.953202861
111.931684021
113.839591099
108.667478139
110.284084042
109.235929153
107.430820427
109.808049754
106.147744798
111.311155879
113.208079553
111.816724969
113.939389156
110.026945296
111.907886248
114.553773897
114.789583671
115.106253849
109.97955519
108.428871549
115.417912159
112.814351961
108.85035781
107.474339507
109.188612182
106.488713654
108.188521651
105.420752098
114.164787835
116.425418311
113.265104275
108.741871337
106.346044871
111.154605466
113.965509098
108.402679698
110.142089223
109.823954247
111.660968246
110.704548306
105.300357441
113.211490402
113.465381885
111.63042717
116.222459389
106.193262795
108.736844247
116.915633206
113.035627076
112.644631026
109.818951019
107.551188555
117.279349372
114.677268476
107.907613581
106.524622051
109.360550869
109.026277178
109.122999547
103.983340433
112.391512485
115.611911502
112.257396776
109.886662699
107.84101878
110.003126829
112.68061953
109.192268635
109.459992954
110.749876161
115.562575304
111.024638623
106.429996102
114.051433665
113.560743186
112.223192171
116.256295487
104.371596169
106.62680907
117.61682515
111.704617795
109.731281605
109.622057771
108.244045709
117.281530891
115.795948232
107.843580744
106.605670726
109.249265124
111.443703452
109.20200974
104.32040358
109.963114416
114.001739688
111.056488563
110.665413151
110.038738567
108.873472367
110.305896193
110.670721886
108.858009961
112.043506556
118.006552956
111.236401164
109.368835646
113.635182749
113.323954946
113.613285072
114.002628142
104.442461032
105.86513821
115.618057598
110.759068698
107.005628601
109.149072327
110.682367322
115.675909249
116.049076234
108.738879681
107.411317324
109.11953087
113.286422169
108.86518906
106.373118852
107.672244675
111.401018236
110.030203341
111.124063936
112.146270313
108.024189228
107.616505924
111.937511769
109.021370603
113.557865604
118.536511934
112.032566899
113.285670507
112.562433648
112.763189083
114.918914599
110.184710961
105.462164136
106.347137074
111.205546227
109.928889608
105.104073839
108.718611776
113.804266924
113.488834912
115.16545801
110.491634488
108.51819177
109.228457106
113.95834184
108.878289202
109.172931357
105.942476177
108.030715566
109.345556426
111.437050749
113.439862853
107.68130419
105.703061365
112.208078942
110.308718542
115.006711991
117.348522838
113.771527783
116.763801525
111.702205166
112.008297498
115.125253446
106.29758015
106.883444757
107.414821099
105.860603008
108.729802223
104.329372421
108.586210812
116.088739241
111.636280586
113.450013241
112.584159395
109.774848061
110.162008898
113.267465453
109.77865694
111.22048073
105.089924794
104.451833365
108.856051448
111.440484583
113.434971833
107.966565466
105.012392514
111.080877743
112.473968673
115.998263212
115.275176711
116.307211613
118.779448617
111.439930413
111.281736568
113.316686355
103.878211677
108.120095685
108.332677253
101.501919584
106.305600611
104.874132321
108.942931608
116.438088694
110.919510991
111.367644182
114.294225622
111.557442899
111.526573263
111.528948642
111.362155746
111.941649523
105.088108748
101.636712163
108.211450886
111.110025851
112.069483089
108.820596711
105.820063132
109.151091448
114.846521126
116.262485787
113.37728413
119.117412016
119.274856077
112.045683993
110.920170149
109.693709445
103.503721665
109.034116816
108.346063833
98.9280979731
103.013104875
106.307508678
109.680052003
114.827216676
111.051124999
109.621083827
115.116561133
113.795977251
113.03382978
109.678885698
113.128165204
111.760825722
105.774223264
100.471431109
107.127761279
110.252012373
110.052434864
109.469562614
107.583859852
107.530347186
116.645795308
115.91454174
112.719650266
121.059970654
118.557578623
113.535235697
110.485550799
105.207174334
104.908785776
109.185991176
106.94983173
98.4989271441
99.746400539
107.817929091
110.604988477
111.950148755
111.566117648
108.951205559
114.904789631
116.195221746
114.038847313
108.822670249
114.106077243
111.016806171
106.976148998
101.25603425
105.693669165
108.639377157
108.191987594
109.784206315
109.597162633
107.277831872
117.19073448
115.380073986
113.709520467
121.238120636
117.368272304
115.084945297
109.478030296
101.388509862
106.862657375
108.489225829
104.70572467
99.645858881
97.7747761917
108.714571949
111.225175212
108.842818972
111.58176655
109.649409542
113.907870138
117.98133865
114.509571388
109.496954946
113.789672368
110.259952345
107.885224904
103.713641834
104.172413973
106.177244832
106.758282154
109.523197167
111.149938216
108.690369773
115.829863967
114.783270997
115.820543736
119.676922961
116.003484486
116.036162566
108.009062727
99.406779452
108.231541819
107.014892501
102.3709138
101.461733826
97.7852511048
108.37301335
111.133079852
106.472445066
110.774730123
111.176332674
112.881911318
118.446999187
114.71349906
111.45306082
112.240130937
109.701659702
108.445449385
106.937622988
103.220377963
103.443074037
105.618778926
109.024751479
111.942758609
111.312065916
112.9535003
114.392482791
118.291610002
116.923600765
114.849448596
115.795949036
106.604568151
100.060871015
108.166945458
105.075996389
100.653641149
102.958761178
100.002267841
106.668114367
110.087223372
105.399858132
109.098510284
112.726233226
112.350812191
117.487877614
114.972049289
113.960427342
110.323924406
109.326157572
108.989264456
109.921961428
103.452544857
101.147905417
104.738501049
108.463664128
112.212769028
114.257737375
109.71994955
114.222735467
119.866651741
114.060833594
114.001461673
113.774183374
105.763532115
102.885965039
106.37777321
103.077379562
100.055035741
103.688517198
103.856039501
104.190533119
107.898418023
105.523074694
107.258803494
113.638189438
112.747012407
115.444029626
115.361483362
116.039291396
108.914957669
109.085035087
109.624008885
112.067831434
104.889640404
100.14213826
103.946000912
108.055197513
112.210248607
116.049379541
107.716107329
114.139483095
119.740131382
111.964456807
113.148838295
110.505248761
105.652804615
106.830290874
103.465584973
101.202860677
100.584702926
104.069379506
107.974997835
102.3230934
104.915005973
106.221849658
106.276707052
113.701736795
113.723619663
112.893872925
115.672846759
117.001570921
108.404002037
108.818619055
110.463367252
112.906570496
107.048079722
100.806260026
103.385204915
107.805405333
112.101909474
115.756488388
107.808408621
113.785903202
117.350726853
110.940806584
111.764475976
106.833160547
106.387201709
110.219650854
100.844959099
99.6287429772
101.722356521
104.648143323
110.53536907
101.729952954
101.593924973
106.765654123
106.31080306
112.722040187
114.39323994
110.571658957
115.677221494
116.356756524
108.940610043
108.563605167
111.350150848
112.422934103
108.938896982
103.182478303
103.30601705
107.780557915
111.78575379
113.345526976
109.970380592
112.815777538
113.274295038
110.714334159
109.61216028
104.052650768
107.766845186
111.66382263
99.5637662835
98.5517855501
103.080545167
105.720524501
110.579639081
102.289591252
98.6815587258
106.517058525
107.231999585
110.781222857
114.102229349
109.428512616
115.134348211
114.346839585
110.399118618
108.623034565
111.861968299
111.091809856
109.921033281
106.869464963
103.975896114
107.722236921
111.228049827
110.118057209
113.299062926
111.427968897
108.808073707
110.614435783
107.046504606
102.737707347
109.459727504
110.982472547
100.104901235
98.5250792227
104.211863097
107.113532515
108.429227
103.625942392
97.2548927569
105.206239982
108.486814205
108.424825308
112.711772776
110.035870787
113.615906972
111.756633199
112.164372406
109.237010645
111.790092064
109.652937653
110.237663372
110.955853199
105.5299862
107.613058537
110.009495781
107.717921175
116.131042622
110.021791367
105.327958837
109.847628294
104.597323522
103.104084004
110.543788024
108.453291362
102.083426689
99.7268130571
104.944560961
108.389085714
105.819280953
104.939175933
97.9948809687
103.34251831
109.188374838
106.520333877
110.493343133
111.634457139
111.202700835
109.428929606
113.500339674
110.397972025
110.854703807
108.557756389
110.093377198
114.24580208
108.217381148
107.472826618
108.070977178
106.946309906
116.906273919
108.87430317
103.543206284
107.422405883
102.688161005
104.691270807
110.28087361
105.367083651
104.523838506
102.119560861
105.56296177
108.922092452
103.615592745
105.540583718
100.973677772
101.888118943
108.873990602
105.788889693
107.935668836
112.964257834
108.561842166
107.706126956
113.809014048
111.780148842
109.334040688
108.072268254
109.592990071
115.72267053
111.474425871
107.618531511
105.858626108
107.635671413
114.830525794
108.193444804
103.155667893
103.863465393
101.615472539
106.837287859
108.316695203
102.884433863
106.774689481
105.344144841
106.165814576
108.164653294
102.513853588
105.110160281
105.087941117
101.388062724
107.026830059
105.937228248
105.765129031
112.836736714
106.289463746
106.904731459
112.959965441
113.054863355
108.006723302
108.125900704
109.10240686
115.486798706
114.651563938
108.083866946
104.117585109
109.052526175
110.875370051
107.85914522
103.769440335
100.027652299
101.566852386
108.753482537
105.326382555
101.806746764
108.42409135
108.896400486
107.004564077
106.430002248
102.63932387
104.437239395
108.764990462
102.337896415
104.163359968
106.16225126
104.555144566
110.812520882
105.124017188
107.028748426
111.275402595
113.554973811
107.421490641
108.315220034
109.343429395
114.279875954
116.760344606
108.795037794
103.585447287
110.011164946
106.493683717
107.669574426
104.430761217
97.3337259851
102.479207454
109.479246839
102.476243565
102.397939826
109.420216259
112.069992823
108.123679868
104.306644063
103.743291027
104.407649783
111.034610255
104.689403836
101.406510425
106.046978688
104.745619423
107.238791652
105.325412702
107.603304929
109.586823121
112.888033283
108.031915556
108.61743062
110.567150682
112.897329379
117.180787131
109.816463452
104.750567089
109.605848595
102.825941046
107.070090194
104.253231302
96.4643134715
103.849453981
108.169419948
100.82926101
104.037702227
109.751457129
114.202747248
109.35274386
102.769041321
105.269679045
105.2948446
111.450462706
107.612019555
100.042872556
105.411365013
105.715941308
103.258825947
106.28535188
108.33703568
108.09873487
110.857497755
109.480138922
109.039235337
112.045116647
111.929660595
115.799842979
111.229105163
107.140756115
107.557054658
100.368176861
105.579297343
103.278735309
98.056439639
104.744604116
104.904194125
100.724027575
106.13653593
109.809858062
115.021260437
110.543507962
102.659665807
106.433410995
106.736191655
110.514669126
109.994782233
100.767687027
104.219977737
106.313153437
99.9969401237
107.358369277
108.83035874
106.892864
108.195803734
111.069896503
109.705856816
112.880054358
111.599342028
113.075753337
112.640340088
110.045745095
104.497529664
99.3130665938
102.930122424
102.016992208
101.64953152
104.458872919
100.853727632
101.944948434
107.978390307
110.061342679
114.333947345
111.28408424
104.365177108
106.957546123
108.491845636
108.967642004
111.009564773
103.450625231
102.901309452
105.695823728
98.7283385898
107.692137044
108.899017493
106.164234896
105.949627293
112.217952306
111.005736265
113.013167153
111.648428467
110.083117334
113.716700105
112.424732331
101.567026761
99.3452129506
99.7169716277
101.034945326
106.1832315
103.018443141
97.7354551359
103.969093065
109.352634945
110.673743766
112.529124478
111.486692807
107.633953107
107.391988404
110.036058402
107.687281096
110.791511834
107.260156022
102.106743567
103.801687521
99.7964517443
107.244131667
108.441727901
105.947275374
104.687015448
112.384967495
112.949895325
112.742262942
111.628983628
107.819577819
114.075764087
113.415105163
99.9391842625
100.009734874
96.9710002744
100.706411207
109.494276664
101.246696145
96.5914463441
106.014555192
110.367072994
111.374626456
110.205946404
111.356587094
111.611673237
108.437949621
110.941235513
107.403151589
109.715461221
110.9682967
102.483844636
101.293693575
102.71775048
105.958147354
107.560852291
105.912195328
104.652245329
111.472767221
115.102438226
112.422753187
110.97876041
106.765136135
113.38787559
112.592744142
100.166275001
100.494674445
95.4408981504
100.940531293
109.665638279
99.8463743017
97.5913412126
107.427802279
110.999480865
111.694967399
108.178213571
111.141659146
115.11910819
110.099565246
110.940963586
108.043883337
108.495471339
113.327667887
104.09891569
99.4239181174
105.830285759
104.581084318
106.277732281
105.911230419
105.73682622
109.926337965
116.403049726
112.404434846
109.949667337
107.373457325
111.630711252
109.987637924
102.010558875
100.275604195
95.4105071519
101.439770368
106.652273192
99.3966188936
100.207696878
107.705511665
111.045493745
111.339095819
107.039268556
110.926769012
117.140064555
112.046520646
110.334765968
109.107770201
107.752815414
113.379086244
106.633269745
99.5160153607
107.794466861
103.648270152
104.791035492
105.811140969
107.526582362
108.54985698
115.859414471
112.747338073
109.103521347
108.926944981
109.058497764
106.459073373
104.758463586
99.7925402476
97.0372797241
102.105995168
102.287773333
100.026306837
103.77854078
107.18406754
110.73314089
110.31087651
106.952861901
111.132815037
117.416305991
114.371041946
109.93228564
110.155270945
107.899567576
111.609672669
109.281685793
102.045150447
108.153909216
103.56060309
103.413856403
105.809954274
109.360948782
107.945592454
113.611980256
113.209234632
108.918616224
110.326655015
106.063815561
103.243513092
107.231327591
99.7502601258
99.9851036049
102.327805957
98.3252778103
101.599449087
107.335824353
106.565984041
109.945039051
108.779284056
108.034787803
111.693117013
116.375571997
116.71223247
110.381907091
110.905479488
109.078117934
109.091111716
111.183021303
106.861642366
106.997983124
104.29987034
102.535527223
106.333023922
110.534831445
108.29112223
110.304230226
112.890247132
109.391191311
110.877138482
103.290269793
101.130466338
107.984649772
100.908555923
103.496303227
101.589531748
95.7186211996
103.551986106
109.984958966
106.554817782
108.477487088
107.034317075
109.680420394
112.253264619
114.618538387
118.184043912
111.746249249
111.326382116
110.544278079
106.800925161
112.083113243
112.304498852
105.517044052
105.363422807
102.516487197
107.096783798
110.706294094
109.038715641
107.321361987
111.117687294
110.314969291
110.196290703
101.627963837
100.57294418
106.783279259
103.504445759
106.407291265
100.485217958
95.1958743529
105.279703715
111.199679048
107.262511325
106.59110457
105.892190509
111.199086406
112.767193183
112.828388413
117.751042191
113.605725575
111.700558112
111.644658599
105.531258385
112.141190569
116.675863812
105.133313022
106.134016461
103.793944939
107.737066195
109.91190296
109.734725971
105.251452232
108.02859971
110.88782741
108.392763853
101.309197407
101.165081437
104.369430546
106.922834669
108.000060601
99.7943944462
96.99205729
106.489913934
110.85127032
108.410066105
104.853803484
105.633669035
112.168967741
112.980794964
111.496104606
115.724557741
115.430315864
112.335482564
111.759487472
105.662090739
111.923398208
118.49303755
106.697950401
106.563488683
106.098215117
108.137741714
108.778178617
109.783091089
104.309804549
104.969404245
109.907478307
106.008437391
102.218028438
102.290749714
102.08427364
110.270601037
108.123056145
100.209959025
100.764625171
106.981349406
109.471624608
109.379066172
103.766828503
106.288291253
112.265382242
112.848182101
110.849731779
113.304744226
116.829059534
113.236610669
111.026805816
107.351154185
111.768673405
117.669046018
109.944766456
107.077210173
108.947076515
108.288513904
107.86419504
108.896699191
104.029758199
102.994829631
107.18757844
103.644724831
103.674147966
103.42384183
101.137745035
111.976620692
107.43771895
101.851392827
105.586460658
106.922753139
107.560289343
109.643692422
104.067253444
107.453294793
111.647311981
112.36977771
110.919325312
111.129620849
117.232107878
114.187818882
110.192823996
110.11373211
111.90959194
114.75302894
113.765335996
108.240792102
111.681364084
108.360421019
107.131064121
107.373591157
104.143020279
102.436385525
103.315780793
101.859807207
105.206261996
104.315973218
101.968330994
111.354077235
106.861412582
104.8046408
110.100595863
106.749218756
105.89922877
108.934540281
105.731931359
108.570764868
110.541898168
111.545474184
111.135550097
109.63536647
116.126634903
114.839272525
109.860160781
113.266384076
112.124766678
110.99918427
116.732476387
110.81435239
113.500812597
108.54038791
106.401438922
105.453072978
104.37465398
103.082589027
99.5188777691
100.963360269
106.295095447
105.016327265
104.702880418
108.457805985
106.961873129
108.931868116
113.314203434
106.853879424
104.631080287
107.154171007
108.411270714
109.315200316
109.284294082
110.30428785
111.18247811
108.976175498
113.4819527
114.902140032
110.691762046
115.663208792
112.209733552
108.196729281
117.793894888
114.753656436
114.233858103
109.005733461
105.73182906
103.588668339
104.73029588
104.216658572
96.8932780111
100.871666061
106.484668344
105.924457155
108.178483062
104.827083917
107.638866284
113.683871494
115.018024295
107.423748482
104.063658559
105.250531957
110.981538267
109.84853808
108.204127834
109.035690959
110.895493473
109.150319853
110.272837543
114.12974844
112.712740362
116.786260518
112.06747118
107.454774697
117.041409096
118.960097871
114.064716852
109.716105366
105.252789424
102.02238121
104.900205354
104.937017411
96.2171315994
101.17383487
105.741287482
107.205724778
111.014695556
102.157407411
108.952311299
117.881187936
115.395257508
108.549502219
104.159875772
104.168729135
112.467381631
110.394998126
107.461359603
108.053612608
110.003661759
109.878657351
107.450178359
112.496860851
115.479125414
116.507460389
111.981359972
108.847248643
115.096212407
121.649153043
113.800204806
110.534020311
105.029115537
101.250622688
104.63339407
104.615354355
97.579353314
101.551309748
104.451385023
109.033331338
111.736833628
101.715038774
110.547120564
120.171511263
114.873320266
110.103971393
104.888128533
104.320516636
112.44334296
110.817999931
107.409058942
107.366553968
108.544640255
110.378741596
105.770203578
110.441883154
118.04434596
115.284064311
112.0653723
111.484170758
112.926773332
121.933815432
114.088974124
111.142233544
105.076950438
101.770238733
103.846768232
103.116223072
100.493862612
101.76650347
103.401972702
110.671454
110.45531765
103.939017927
112.25681096
120.048065046
114.214566005
111.579226482
106.29096907
105.694985699
111.140857535
110.87051895
108.0142047
106.96136774
106.906664653
109.690697821
105.448662948
108.833312429
119.131139427
113.801101664
112.328652319
114.153211915
111.547228569
119.506080424
114.913618348
111.229414468
105.581275052
103.248854163
102.684680825
101.061497769
103.855575408
101.91393824
103.057364415
111.433748419
108.339544243
108.448914554
114.006712527
117.907473873
114.050262264
112.697683016
108.408976024
107.917311946
109.118460734
110.40486344
109.055164172
106.895734965
105.72932658
107.922434755
106.251846501
108.30719743
117.687357201
112.673389646
112.888344891
116.245816051
111.494140063
115.20424053
115.68717582
110.852834488
106.633051206
105.069669859
101.571530794
99.3417484351
106.569206305
102.466180926
103.79914914
110.593614013
106.738678312
114.056410463
115.616229102
114.699983136
114.212780257
113.407997903
111.081628937
110.324494643
107.115336075
109.585138399
110.103277489
106.947985434
105.123544651
105.622967503
107.755264368
108.873200013
113.760033667
112.179733372
114.022689496
117.134557899
112.638860428
110.643020361
115.486113693
110.395204043
108.339008834
106.408635654
100.834661089
98.5534538172
107.737179517
103.855145002
105.438084084
108.156628031
106.583458295
119.078694396
116.690161727
111.490150398
114.208185902
113.919262272
113.812063695
112.44054238
105.894279096
108.359883945
110.645328482
107.049432133
105.023086625
103.549747427
109.114251437
109.946285535
108.720020695
112.114630312
115.398657742
116.80301277
113.971416409
107.178570954
113.641661618
110.355340504
110.149125936
107.125826972
100.852163061
99.3806426014
107.512882023
106.300003889
107.055813069
105.277264812
108.423196747
121.835487097
117.12528197
109.182259004
113.655979159
114.386537255
116.300604957
113.818302113
105.926128309
107.074225772
110.344129678
107.39135516
105.057144191
102.690059568
109.864203819
110.743313332
104.316553155
111.776066456
116.444253727
115.80485398
114.44561916
105.505899079
110.223078892
110.747158891
111.495137943
107.367441402
101.798392274
101.731788854
106.497186829
109.130986914
108.079144268
103.414067069
111.964790564
121.867491372
116.856618807
108.535059415
112.53012176
114.908321574
117.949462131
114.427487903
107.19196593
106.182235773
109.189359982
107.919756225
105.181205851
103.211019045
109.743507701
110.587632849
101.934932102
110.847807489
116.452389001
114.501552032
113.767712787
105.834239969
106.331991339
111.315286988
111.911932626
107.492140055
103.662471866
104.87626609
105.482849945
111.305523083
108.402500496
103.487054189
115.809888661
119.505094807
115.808103618
109.562311253
111.112765012
115.449125486
118.494052422
114.738327126
109.55550089
105.842365118
107.576067152
108.329373213
105.466503466
104.871294812
108.67222228
109.086867821
102.063693038
109.120837287
115.241011735
113.531971476
111.968137265
107.464214808
103.212250023
111.353166949
111.552180457
107.74910126
106.175061151
107.847940083
105.588571866
112.261015619
108.437215199
105.997748052
118.240192979
115.723608491
114.23403213
111.681900155
109.981758368
115.774594105
117.987870413
114.95551648
112.008107088
106.315852977
105.910212847
107.902059436
106.031563369
107.194922898
107.115919515
106.548657629
104.362009361
107.319534045
112.581454599
112.446547115
109.748082473
109.288642952
102.019641169
110.398138012
110.739007371
108.367968651
109.220102377
110.135916557
107.364097935
111.864399852
108.90421202
110.621727006
118.131358454
111.683248584
112.329553167
113.835796427
109.961976855
115.531126666
116.608377323
115.333536729
113.961963293
107.739722816
104.785948228
106.758713582
106.994283439
109.361898694
105.596929343
103.710883812
107.43931802
106.026001389
109.020758641
111.071475887
107.927449345
110.175875096
103.150131144
108.215596328
109.735803387
109.313113075
112.346362815
111.703291295
110.499386329
110.481555947
110.154259589
116.351838131
115.807010634
108.675038287
110.45125158
115.161971097
111.419159933
114.546993506
114.861428118
115.68042553
115.176010231
109.957290205
104.301218157
105.448519015
108.472803522
110.682756762
104.60997303
101.784470191
109.820312893
105.351832993
105.541392841
109.010590409
106.774502088
109.659136613
106.11389884
105.305744053
108.322186618
110.671670322
114.814240104
112.983612128
113.966479145
108.747611812
112.124105196
121.253563876
112.546105453
106.88710893
109.080737839
115.068215577
113.708264447
112.953891957
112.837468643
115.654512558
115.639562071
112.178331122
104.622980074
104.705186127
109.87451733
111.021281437
104.138253689
101.619518113
110.295033958
105.272735853
102.920854177
106.267143186
106.312035847
108.14229455
109.683179552
102.906720956
106.771860296
112.159292223
115.893243347
114.051348744
116.348361909
107.906431042
114.686656527
123.244873181
109.823187156
106.338670162
108.03292627
113.778322547
116.027930149
111.169460536
111.052335209
115.105096087
115.350826115
113.642446053
105.946307731
104.888149617
110.309646988
110.131804296
104.410370569
103.125601949
108.760458396
105.532395133
101.552241325
102.988192163
106.164166166
106.549744427
112.307586171
102.370459878
105.425502653
113.355535196
115.535077642
115.156006437
117.187862537
109.166530712
117.340880383
121.535134989
108.317280406
106.611272757
107.505402504
111.951907672
117.214271647
109.932373556
109.896882662
114.025115152
114.637058554
114.151296119
108.42366994
106.116849099
109.453755202
108.279771012
105.269539619
105.61006162
106.031967159
105.766620231
101.199198911
99.8959162898
105.872128563
105.661732015
112.789579233
103.798810365
104.746713327
113.513626056
114.513450636
116.348125817
116.626367506
112.980766525
119.477732096
117.070999982
108.309552613
107.204409164
107.62699619
110.250174458
116.406557494
109.729600745
109.300468384
112.391133354
113.70512429
113.885564452
111.533859019
108.258168218
107.826948749
106.065074569
106.728450676
108.083241425
103.176825487
105.360832509
101.380644245
97.9074008345
104.847366674
105.800023023
110.865525196
106.571032242
105.168897187
112.33604545
113.754302145
117.457786038
115.584948545
118.256672109
119.850138229
111.760465375
109.178699669
108.109308014
108.093549831
109.053550071
113.692009572
110.549946978
109.136999014
110.263524158
112.559999879
113.189350938
114.428969492
110.799145999
106.044256137
104.374250742
108.494251385
109.636052797
101.410390124
104.041182166
101.864422463
97.7853086329
102.973797888
106.611622041
107.46258818
109.796921983
106.985756602
110.264410346
113.271607477
117.821571917
115.182559796
122.81895846
118.511172067
107.423757529
110.334606371
109.274969919
108.638554959
108.3638919
109.640938247
111.58438839
109.218844373
108.101379476
111.186152755
112.555549577
116.527505339
112.960974944
104.7318008
103.557463204
109.713054579
109.71801642
101.223656496
102.111618522
102.306432563
99.1516168301
100.698318715
107.021931184
104.051358988
112.199427892
109.948207082
108.130637463
113.042110564
117.02923208
115.98659574
125.241885803
116.077813247
105.19210094
110.830619297
110.416422611
109.241228836
107.952622512
105.670135078
111.891284675
109.625464129
106.413638996
109.449577754
112.465789377
117.636741574
114.185481244
104.537543597
103.898087851
109.906178043
108.466092899
102.481482852
100.200549182
102.279938811
101.480090349
99.0168621811
106.36696588
102.476598026
113.19748474
112.947808938
106.937430389
112.919980749
115.388585077
118.006543799
124.771144963
113.423737045
105.507835325
110.412013573
111.387489347
109.881983944
107.662457524
103.005672806
111.000308905
110.014796203
105.824460536
107.871594277
112.68184333
117.573420832
114.528891147
105.888651523
105.127338478
108.900176773
106.508449581
104.31573627
99.0176164976
101.877338525
103.863965308
98.9268538496
104.403789766
103.183369158
112.674274357
114.983993556
107.442344792
112.436633873
113.493054832
120.189594266
121.565981843
111.1619479
107.861892429
109.419968327
111.98447314
110.571633297
107.127698014
102.3217866
108.813803133
109.866072903
106.219694921
106.759295184
112.691449798
116.221842263
114.176774112
108.73541256
107.019499901
107.147701357
104.656543967
105.773519926
99.0686181354
101.449060109
105.554264469
100.820571983
101.682801484
105.446965674
111.225917116
115.571471433
109.6914463
111.332370737
111.880168449
120.997337578
116.51588043
109.486965165
110.935294042
108.649932645
111.94954721
110.969139595
106.396786763
103.38440013
105.817215059
109.077711901
107.399421023
106.225332625
112.053432033
113.862733788
113.301157155
112.072052245
109.242441273
105.417113159
103.396919364
106.19184906
100.5974539
101.581201887
106.178006724
103.799462135
99.6926014515
107.884859221
109.576078596
114.833389655
112.97671264
110.129255143
111.154364519
119.551738999
111.223047365
108.96413376
113.456985748
108.614799899
111.300756621
110.744964294
105.754884546
105.259879062
102.86044919
107.658171196
108.483135057
106.650370038
110.84952959
111.182964841
112.135015425
115.042623436
111.426771379
104.374793096
103.149211209
105.394591362
103.389371651
102.574288063
105.709468192
106.697522427
99.6289133934
109.336504756
108.662212259
113.009734456
116.012141478
109.414531425
111.447336625
115.783984863
107.138280563
109.677945314
114.381002936
109.739813637
110.153670382
109.757742607
105.913047381
106.966837375
101.098167279
105.965657622
109.160403003
108.054194454
109.236044704
108.847428672
111.088101228
117.010802379
113.245894591
104.342722141
103.60253922
103.987609931
106.555039323
104.220211397
105.08296719
108.539753687
102.168231019
109.225327156
108.392557386
110.796655415
117.530189284
109.911582506
112.519940541
110.441535255
104.762471442
110.871808311
113.849932358
111.606384899
108.926299104
108.326072982
106.95244413
107.695250612
100.965005337
104.178915777
109.070974069
109.842818441
107.626074909
107.032667733
110.446187083
117.697756646
114.283348601
105.603582383
104.201669042
102.919188231
109.096732727
106.402100008
104.904294208
109.117720243
106.671341384
107.965403435
108.54769166
108.970109977
116.655754732
111.592463629
113.543950014
104.672947067
104.026024768
111.639563909
112.485250315
113.522717668
107.944655839
106.800014032
108.436624306
107.205745851
102.362226799
102.784841072
108.510861391
111.149668683
106.16029764
105.746940647
110.329729444
116.758212617
114.375070536
107.992264517
104.913819806
102.932087247
110.393745563
108.898941277
105.767878828
108.733674182
111.731452326
106.594906819
108.578987886
108.288381783
113.97359117
113.846241869
113.541397281
99.8780662168
104.33501225
111.328470988
111.128083179
114.484482351
107.486737384
105.689330058
109.511595622
105.959074093
104.53753573
102.333214502
107.465613287
111.246805503
105.353724078
104.861770372
110.437732152
114.331442572
113.974420178
111.05020773
106.119882063
104.348858936
110.385088502
111.33345762
107.534969879
108.450944081
115.667212223
106.163633747
108.347473633
108.657527978
110.515598265
115.506182221
112.169196195
97.4460875182
104.931085594
110.286305898
110.412994056
113.65347556
107.675306681
105.502118488
109.603509895
104.988218974
106.781781847
103.03202203
106.001576178
109.853507
105.519196917
104.943019537
110.28604699
110.969104109
113.165216136
114.008105072
108.008347533
106.769166493
109.610980392
113.414906311
109.99883437
109.190167159
117.050706147
107.517060761
107.832773152
109.055433255
107.294972203
115.695471733
109.676635678
97.9036298194
105.386237533
108.75435978
110.237992992
111.36872319
108.38381957
106.000713453
108.49053357
105.13884178
108.37372567
104.815049582
104.838702998
107.380845225
106.422190408
106.156060336
109.415187932
107.725091203
112.098304585
115.927328214
110.662754649
109.592609176
108.891630315
114.407642689
112.89780777
111.177203599
115.693638285
110.394502756
107.548604813
108.9991305
105.417056023
113.82617929
106.517212201
100.700539034
105.446368279
106.921728635
109.95115179
108.35967308
109.352312881
107.129349371
106.601687354
106.049154711
109.181307918
107.331713477
104.203288002
104.613835704
107.418966823
107.950369933
107.803918757
105.414320073
111.097512688
116.27339753
113.92173868
112.311269973
108.883983756
114.355875772
115.629145734
113.893784706
112.687350717
113.53299262
107.964244427
108.307063432
105.191197899
109.929535943
103.487809527
104.629329583
105.131944275
105.111065922
109.021163396
105.467823668
109.852009872
108.576874168
104.701505008
107.183007432
109.349649936
109.997878031
104.01693922
102.410614411
108.040098389
109.5866121
105.839574929
104.502344228
109.917398823
115.46824354
117.187303883
114.76600896
109.906347978
113.679202307
117.493335418
116.499553779
109.859218246
115.764498688
109.33023548
107.280352537
106.166274883
104.665178282
101.125273404
108.093377026
104.947178333
103.748769272
107.167094083
103.498485147
109.57869011
109.647709531
103.562320246
108.151325449
109.496845673
111.5530574
104.482948562
101.234496371
107.968814853
110.530216879
104.274711514
104.416868365
108.657766668
114.0281466
119.723418461
116.986699084
111.953946511
113.157928345
118.103481924
118.157825637
108.808381567
115.890089631
111.345741117
106.428190821
107.227849575
99.1872188621
99.7383258095
109.892847068
105.205636765
103.183265651
104.425158283
102.71114827
108.566268613
109.791293129
104.02821913
108.774076893
109.612381371
111.640839006
105.49083057
101.655435729
107.25230055
110.393889462
103.684889557
105.013680076
107.265211352
112.6341203
120.771354207
118.890263106
114.711279852
113.58833931
117.724139898
118.139474058
109.97502181
113.973044145
113.440452392
106.400721582
107.117832358
95.2147612317
99.6694722954
109.698058622
105.961545736
103.292534071
101.067435585
102.967926525
107.024649419
108.850381173
106.130368485
108.865752012
109.716694721
110.475384681
106.907589704
103.524276061
106.294791791
108.968725759
104.242118707
105.790426073
106.319792967
111.546914024
120.237917724
120.329312655
117.634643025
114.949026584
116.68661538
116.570693183
112.750102802
111.073635672
114.607882265
107.527789036
105.205507119
93.956730994
100.469862222
107.817114842
106.999503133
103.60650434
98.3816602531
103.708828734
105.149048204
107.21962533
109.038466596
108.623853155
109.695315866
108.761829923
108.402956919
106.415126958
105.385476013
106.440327625
105.826057126
106.584813945
106.022463145
110.938426615
118.320922321
120.707065144
120.431905793
116.893190308
115.36339469
113.995080344
115.879003684
108.776154844
114.222648798
109.405245712
102.115040119
95.469116005
101.976028147
104.940521632
107.87585205
103.647239589
97.35780929
103.965355622
103.378057068
105.624564197
111.648653509
108.560773931
109.474579513
107.161657847
109.498514369
109.380457962
104.847506913
103.627943661
107.568774569
107.379281001
106.572017127
110.610502728
115.463694122
120.390945548
122.819187688
119.032525434
114.088834439
111.601452451
117.593620962
108.229627645
112.139652944
110.779715887
99.0676628593
99.2519755183
103.643635083
102.154538485
108.021884081
103.635314545
98.6086932159
103.265855848
102.061793209
104.765916182
112.931768297
109.318967301
108.837645667
106.378666316
110.191901675
111.677656865
104.827146628
101.748426682
108.788866722
108.13286222
107.87618526
110.298000929
112.29037722
119.584281578
124.01668953
120.815762559
113.195255164
110.286336597
116.994362673
109.599221671
109.213115307
110.463911188
97.6273407125
103.8153352
105.046615222
100.878581645
106.958945818
103.791688839
101.475323162
101.881924529
101.465483157
104.778385323
112.565218331
110.699711211
107.838582909
106.593229743
110.581011966
112.536559013
105.395736253
101.482619854
109.066098835
108.795964238
109.694316079
109.952179931
109.804034168
118.329994561
123.702445078
121.760751133
112.928940961
110.41684594
113.952700598
111.924489023
106.679173872
108.19615449
99.0945976727
108.041567128
106.131033636
101.38851634
104.512264227
104.212505459
104.771005165
100.738863494
101.568977722
105.49802353
110.891776201
111.855812929
106.999941594
107.570597321
110.598943416
111.912871902
106.448710244
102.935241799
108.394542185
109.703380189
111.515891452
109.658800769
108.565512805
116.691390244
122.040785382
121.631482255
113.52362461
111.35264855
109.828339204
113.705270096
105.36962983
104.532360094
103.673278693
110.823733355
106.898709707
103.540026874
101.591419677
104.886500899
107.337227444
100.5718669
102.233905339
106.605528835
108.47197565
112.007807317
107.102494028
108.853561095
110.251658728
110.173897896
107.808948055
105.718467328
107.090362815
110.536373157
112.832447046
109.39182724
108.725438731
114.590000794
119.513292925
120.29411987
114.751597003
112.295381172
106.678874716
113.694051441
105.252153521
100.794430813
109.55340802
111.860518846
107.595271726
105.979010738
99.6433648577
105.617478756
108.581014942
101.733910678
103.247736209
107.408305791
106.128483871
110.841861288
108.218373951
109.955653088
109.639984576
108.119867042
109.235892574
109.173304067
106.101811964
111.22416677
113.254223073
109.476416263
109.928419474
112.271295911
116.391746716
117.947739999
116.452504101
112.643300347
105.851061157
111.299584769
105.681197464
98.7847604856
114.214427914
111.526474776
108.451734422
107.67029034
99.4549486482
106.150008206
108.411427901
104.165672918
104.548241462
107.199250275
104.672236046
108.746827702
109.993652018
110.72902485
109.080891792
106.500214984
110.438786567
112.319823488
106.393238502
111.611511129
112.75305166
109.972714564
111.40622079
110.28643026
112.684910533
115.120791829
117.934023238
112.469626859
106.961042999
107.436222904
105.934515153
100.024894566
115.998473773
111.149022502
109.467981324
108.133827927
101.559093834
106.24858856
107.546701976
107.218847514
106.297421743
106.152145172
104.093362579
106.319896426
111.582614606
111.239224616
108.745098378
106.013202081
111.21274329
114.00883312
108.28309695
111.567699485
111.824482885
111.015296555
112.527922237
108.774360051
108.798793915
112.280060786
118.216931527
112.041054917
108.812644427
103.610678971
105.915308114
104.581829806
114.750311275
111.129035618
110.509721535
107.738768904
105.442716851
105.750537179
106.631885053
110.120707927
108.286224508
104.872805704
104.057887118
104.379288346
112.220360309
111.264474061
108.413509222
106.586468261
111.523146577
114.234884267
111.419076328
111.098704257
110.813520111
112.365171563
112.770835739
107.912457047
105.189353933
109.617685831
116.458583959
111.869075022
110.314072469
101.012646703
105.5120275
111.074934262
111.554244682
111.416253817
111.070861414
107.363163549
109.743939242
105.250849015
105.947636335
112.185544873
110.079946284
103.926643918
104.046202756
103.491970309
111.706780969
110.860266492
108.171927105
108.031185325
111.344847377
113.63839583
114.819935412
110.341651634
110.038006589
113.589371155
112.076237826
107.256414566
102.504411016
107.260344068
112.598250795
111.882727941
110.88578865
100.530222134
105.236136775
116.723025377
108.225853764
111.608716697
110.845253317
107.696255369
113.158424892
105.499353363
106.026306313
113.071682259
111.319648313
104.065034618
103.957453513
104.057614034
109.893615787
110.024051926
108.265743198
110.11739451
110.919344979
112.95226163
117.40830541
110.177210221
109.767024274
114.195339157
110.758107742
106.620554958
101.261961134
104.938677612
107.812020039
111.702730839
110.186563533
102.372639197
105.829706817
119.193776543
106.455580948
111.153851292
110.163924218
109.161002855
114.642713916
107.057628474
107.23032603
112.855369554
111.732244999
105.304690236
104.068889898
105.723222925
107.257873828
108.909008665
109.125826471
112.196499617
110.581093479
112.464522253
118.290315336
111.016580737
110.165608986
113.695385004
109.36210531
105.967662488
101.420971645
102.310039382
103.338180959
110.844447909
108.583385027
105.957281861
107.943667255
117.828617887
107.068238139
109.920426883
109.285814447
111.366571206
114.005797141
109.804841817
109.327824313
111.766032587
111.493239968
107.414097023
104.780040097
107.631027561
104.769737659
107.692698643
110.356733881
113.611379399
110.748476538
112.400758979
117.137744481
112.880210284
111.139855664
112.003999684
108.070540055
105.289926116
102.581493729
99.7223195628
99.9964782769
108.678506097
106.87427134
110.405652234
111.367685249
113.697460076
109.620095511
108.321963697
108.587201454
