-0.968160239508 0.0812743883616
-0.836031107327 0.180648160695
-0.613371432701 0.260610696403
-0.324253423404 0.31234707704
0.0 0.330239355001
0.324253423404 0.31234707704
0.613371432701 0.260610696403
0.836031107327 0.180648160695
0.968160239508 0.0812743883616
0.0
0.285599332145
0.571198664289
0.856797996434
1.14239732858
1.42799666072
1.71359599287
1.99919532501
2.28479465716
2.5703939893
2.85599332145
3.14159265359
3.42719198573
3.71279131788
3.99839065002
4.28398998217
4.56958931431
4.85518864646
5.1407879786
5.42638731075
5.71198664289
5.99758597504
