-4.112448278054822159e-01
1.950867006025950090e+01
5.064815046767449758e+01
4.871263515858553461e+01
2.319694366822227849e+01
6.173435253208406692e+00
-1.082817489607324113e+01
1.645438416275355564e+01
8.683474441167406610e+01
6.403290837233627997e+01
2.608972009343408516e+01
8.352224165839766457e+00
-1.245595766588206743e+01
4.441356789429186658e-01
-1.078868395250791368e+00
-9.896062007533015503e+01
1.156405501839186023e+01
1.528774093939651735e+01
3.989757757995286536e+00
-6.047898534733247011e+00
-7.785803025597157045e+01
-3.020174325512554105e+02
-2.035768449083930776e+01
7.244613233871183056e+00
3.937135829942079113e+00
-3.578260925735896336e+01
-1.369324951890436921e+02
-6.380910795563764992e+01
-1.969676421415144674e+01
-8.640662313280662588e+00
-3.760175628637197232e+00
-2.995064732526370221e+01
-6.220588094964802650e+01
-3.104217007604407286e+01
-1.497273931706518724e+01
-1.290122504235570311e+01
1.014043458092767480e+01
3.814872576620949474e+01
1.063211683501100566e+02
1.142524492929215540e+02
4.515539282698939161e+01
1.285488638884065438e+01
-2.882214865314335839e+01
-7.962256330571088059e-01
4.407324579878932127e+02
1.926863477971703276e+02
4.230448848398966533e+01
4.400564458472735474e+00
-4.538485786348745421e+01
2.258254830061090956e+01
-1.664768730766851235e+01
2.138095114336319966e+02
2.301561906117361787e+02
5.702602145704830860e+01
5.915211402967895538e+01
1.107798831829147019e+02
1.523340792616758108e+02
1.998305362287232469e+02
1.395909114097846953e+02
5.116159545248340379e+01
6.373368005544902104e+01
4.697644110506708159e+01
-2.097149554363641528e+03
3.856022773866084918e+01
2.393222023327782821e+01
-6.382969016316859978e+00
2.860874329099758384e+01
2.928108164082162901e+00
-3.901261044242217935e+01
4.256966487833758350e+01
1.174858215305075682e+01
-6.061720910442230270e+00
-6.215377008375446621e+01
-5.212017870249306384e+01
2.119747852150215550e+00
1.336612822850305520e+02
-3.525216272233442538e+01
-7.772935340883159938e+01
-7.437305794013232685e+01
-3.080833599640753917e+01
5.969507528323629231e+01
8.196155639431502777e+02
-2.465588173368180662e+02
-1.568930093856543522e+02
-8.390356341469814083e+01
1.421853047409542228e+02
8.698144716581465374e+00
1.473298674654328977e+01
-7.462450962656938600e+02
-5.489713568650873299e+01
3.550144341965010852e+01
8.352351041091324078e+02
-1.295283562284802414e+01
-1.163303733855770439e+01
-4.604410855237069882e+02
-4.695064805169500488e+01
3.587089601458716714e+01
1.577738324333399191e+02
7.483008632863632492e-01
5.132613576881826702e+02
-1.599327773694347172e+02
-1.754889582377381601e+02
-2.895142411490975576e+01
-3.085555846496260912e+01
-1.298100161238648198e+01
9.039710129397798255e+01
-7.423717681721764450e+01
-1.004495196099165213e+02
-6.537882347464862676e+01
-1.083530904277211420e+02
-4.664889039143468494e+02
-4.576551031953053439e+01
-5.305127712818153185e+01
-7.306670605685742714e+01
-1.664415912317613788e+01
2.414388321191457294e+02
1.099301099761500382e+03
-1.007341681369413067e+01
2.116283462510563140e+01
-7.324318067441060975e+01
-2.831238807527334700e+01
-1.830530217208850274e+02
-1.806274824345303998e+01
-6.446786235476485771e+00
-3.019641024016697770e+02
-1.766797108152337703e+00
-7.960772983848706907e+00
1.952930084818658543e+02
1.168477135757548702e+01
4.999361229847842480e+00
2.237133484143193982e+02
1.860410270483136286e-01
2.435123826620497312e+01
3.543645595898832994e+02
7.306200815373231308e+02
-7.437295876035314279e+01
-5.439001774940918210e+01
-8.613517268263652227e+01
-3.729939126400091709e+01
-5.440417855553420878e+01
-2.463574886042779895e+02
-9.499127655015853122e+01
-8.239863719598183422e+01
-8.895908878947007281e+01
-8.653517840206639278e+01
-1.192118004814377485e+02
-2.013687824877086712e+02
-1.566005947592159089e+02
-9.439619889229717842e+01
-7.584190995269223379e+01
-7.301327206446367768e+01
-5.986767243784610315e+01
-6.741372199772658291e+01
-2.502463157252146857e+02
-3.288726799415637458e+01
-3.615356394634827808e+01
-1.375541515689434959e+02
1.265185310339795421e+02
3.093387831816489779e+02
1.695540767970994409e+02
5.700734164995951687e+02
3.422417066193898449e+01
-1.466040443776541053e+02
-1.896150897043983434e+02
1.972826850601147044e+03
-8.487324642023567378e+01
1.654366916212536296e+02
2.684573650671737610e+01
-5.139673407220052326e+01
1.925532503103275062e+00
-1.406288571570673014e+02
3.474017767420124869e+02
2.849201797745652698e+01
-2.978519350594367410e+01
-6.907002040212550753e+01
-9.989564489444897788e+01
-2.758623006553818300e+02
-1.593886706945630749e+02
-8.963000950069933026e+01
-7.918619839076650635e+01
-7.624358661724464525e+00
-2.142354987474741179e+01
-5.299623133396361396e+01
-7.185459541401841932e+01
-2.220779954757364649e+01
4.489694464392559148e+00
-8.627192342151603910e+00
-8.933509104425452207e+00
-5.164042795363434379e+01
-2.305833055829471050e+02
-8.932976846830568363e+00
2.630846166447591372e+01
-3.411934299726987518e+01
-7.652615330737534194e+00
1.624146033514430769e+02
5.240211262667145320e+01
6.473517095091030171e+01
5.437657099880086520e+01
-3.633575107978805363e+01
-1.454551270147819864e+01
3.109238862969932597e+02
-3.904204995072024076e+01
2.801878565748732797e+01
4.852199376612360027e+01
-2.838137153830935677e+00
-1.874800260827651721e+00
-3.334836947079470804e+01
-3.445646840543149665e+02
-3.001324806123330191e+01
2.200301295551770053e+01
-2.634609416140975546e-01
-1.621763101340555480e+01
-5.197109462275293623e+01
-6.153981976254765840e+01
-2.199621173885676839e+01
1.651476717072976497e+00
