4.3051 
-1.5390 
-1.1403
4.2318
-0.6121
-1.3793
3.6542
-2.1681 
-1.4599
4.0918 
1.1589 
-1.8359
3.9768
1.6726
-1.0331
3.4303
1.4374
-2.4735
2.1666
1.9696
-3.6918
1.6657
2.6655
-3.2600
1.5157
1.3405
-4.0114
0.2721
0.1384
-4.6220
-0.6010 
0.4496
-4.3722
0.3454 
-0.7885
-4.3830
0.4855 
-2.5594
-3.9264
-0.3619
-2.7971
-3.5430
1.1469
-2.8380
-3.2888
2.4106
-3.3702
-2.0705
1.9619 
-3.7554 
-1.3143
3.0265 
-4.0454 
-2.3645
1.0970 
-4.4980
0.1435
0.1505 
-4.4642 
-0.0137
1.4628 
-4.1136
0.9435
2.1619 
-3.3791
2.4720
1.5970 
-2.8743
3.0616
2.8435
-2.7696
2.1796
4.1316 
-1.6179 
1.6271
4.0015 
-0.7414 
1.9965
4.1916 
-1.5906 
0.6694
3.7558 
0.9149 
2.6944
3.7556 
1.5154 
1.9454
2.9789 
0.8486 
3.2544
3.7551 
2.6629 
0.5145
3.0206 
3.2677 
0.3868
4.5420 
3.2058 
0.4277
1.6173 
4.4234 
0.1429
1.3065 
4.2701 
-0.7524
0.8404 
4.3572 
0.7030
0.7193 
3.9805 
-2.4441
-0.2232 
3.7990 
-2.4629
0.8311 
4.7698 
-2.9790
-2.0041 
3.4560 
-2.4985
-2.1004 
2.6292 
-2.9768
-2.2994 
3.5184 
-1.5872
-2.2842 
1.0494 
-3.8906
-2.7656 
0.3202 
-3.4930
-2.8352 
1.3424 
-4.6201
-3.6853 
-1.0731 
-2.7331
-3.0893 
-1.8251 
-2.7626
-3.9806 
-1.0107 
-1.8218
-1.9632 
-3.2462 
-2.8184
-1.8575 
-3.6453 
-1.9517
-2.3229 
-3.9438 
-3.3711
-1.6578 
-4.3995 
-0.3141
-2.2227 
-3.8948 
0.2755
-2.0512 
-5.2746 
-0.3465
-3.3021 
-2.9303 
1.4021
-2.9362 
-2.5459
 2.2021
-3.7265 
-2.2339 
0.8957
-4.5448 
-0.8914 
-0.0806
-4.4485 
-0.0646 
0.3977
-5.4909 
-1.0508 
-0.1134
-2.2371 
-1.8114 
3.7305
-1.2907 
-1.8452 
3.8878
-2.6368 
-2.0778 
4.5618
0.5176 
-1.9099 
4.1882
0.8513 
-1.0109 
4.2347
0.7409 
-2.3020 
5.0355
1.4945 
0.7220 
4.3245
0.7601 
1.3269 
4.1968
1.7259 
0.8045 
5.2525
-0.6432 
2.4826 
3.9530
-1.4200 
1.9292 
3.8430
-0.8401
 3.0397 
4.7096
-0.6440 
4.2306 
1.7730
-0.6437 
3.6300 
2.5220
-1.4021 
4.0280 
1.2200
-2.8636 
3.6376 
0.1540	
-3.3450 
2.9084 
0.5517
-3.4896 
4.3650 
0.1303
-4.2647 
1.5151 
1.3115
-3.7881 
1.2966 
2.1157
-5.1788 
1.6201 
1.5851
-2.8877 
0.8836 
3.6353
-2.6625 
-0.0491 
3.6683
-3.4384 
1.0337 
4.4072