-3.8626
-1.1263
0.4261
-3.6404
-1.0309
-0.5030
-3.3628
-1.6569
1.0508
-2.4031
-2.6760
2.2504
-2.0769
-2.1016
2.9471
-1.6526
-3.0990
1.8268
-0.2113
-3.9113
1.0133
-0.5024
-4.8184
1.1318
0.0109
-3.8159
0.0843
0.4452
-3.6294
-1.7318
1.3485
-3.3059
-1.7638
-0.0546
-3.0987
-2.3565
-1.0144
-2.0797
-3.5561
-0.4376
-1.3976
-3.9078
-1.7649
-1.6567
-3.1325
-3.2061
-0.8444
-2.3190
-3.1132
0.0972
-2.4814
-4.0044
-1.0996
-2.7872
-2.9380
1.8715
-2.7873
-3.0369
2.3665
-1.9707
-2.0569
2.0325
-3.1328
-3.2233
3.2993
-0.4320
-2.3446
3.6018
-0.1909
-3.4780
2.6525
0.2300
-3.9580
1.4336
1.4775
-3.3334
1.4844
2.2048
-3.9249
0.5461
1.1130
-2.1628
1.5796
3.5680
-1.3941
2.0724
3.2716
-1.9159
0.6858
3.8165
-1.4507
-0.9984
4.2849
-0.4926
-1.0238
4.2301
-1.6504
-1.1423
5.2128
1.3128
-1.0715
4.1270
1.6521
-0.2512
3.7615
1.5625
-1.7891
3.5403
2.0306
-3.1343
2.4406
2.7147
-2.8149
1.8476
1.2533
-3.4037
1.9458
4.0038
-2.2131
0.7303
4.8102
-2.7263
0.8197
3.6733
-2.3806 
-0.1554
3.0506
-2.6963
-1.8242
3.0574
-1.8685
-2.3103
3.7013
-3.2481
-2.2641
3.0702
-0.3168
-3.2213
3.1717
0.4013
-2.5924
2.2381
-0.2374
-3.6935
0.6702
-0.0877
-4.5831
0.2973
0.7519
-4.3048
0.7396
-0.0243
-5.5385
-0.4054
2.3342
-3.7803
0.1255
2.7249
-3.0824
-0.4810
3.0196
-4.4482
3.3630
1.7547
-1.4074
3.6067
1.3501
-0.5717
2.6059
2.3322
-1.5292
1.1259
 3.4611
-1.7672
0.5153
3.7081
-1.0688
1.5148 
4.2881
-2.0612
-0.6573
4.1826
0.2723
-0.4136
3.7780
1.1081
-0.8483
5.0988
0.4861
0.0544
3.0010
2.7131
0.8115
2.4235
2.8349
0.1359
3.6659
3.4008
2.2915
1.2946
3.0729
2.9021
1.0475 
2.3745
2.8464
1.6292
3.7813
4.0748 
0.5731 
1.0334
4.0505
-0.3809
0.9296
4.8947
0.7515
1.4997
