   -3.8110079
   0.1046202
   0.7038317
   -4.7593333
   0.1319704
   0.8309651
   -3.6170858
   0.8797191
   0.1767190
   -2.9440373
  -2.1788017
  -0.5800833
   -3.2450588
  -1.3909469
  -0.1274213
   -2.6491784
  -1.8662748
  -1.4354295
   -3.2332754
   2.3286578
  -0.7766484
   -3.7553129
   3.0591394
  -1.1084698
   -2.5349079
   2.7433517
  -0.2701469
   -2.2198061
  -0.0890703
   2.9473623
   -1.7540752
   0.7460278
   2.9913843
   -2.7780339
  -0.0120375
   2.1736183
   -2.0171250
  -1.2787602
  -3.0042629
   -2.3891362
  -1.6701253
  -3.7946255
   -1.1107388
  -1.5860613
  -2.9880718
   -1.7582946
   1.4547359
  -2.9323056
   -1.8735496
   0.5052644
  -2.9704111
   -2.2825754
   1.7301377
  -2.1802980
   -0.9868545
  -3.5973045
   0.6733459
   -1.7206104
  -3.1531843
   0.2483851
   -0.8986922
  -3.1590155
   1.5197278
   -1.2698284
   3.4827011
   0.6383577
   -0.4031727
   3.5191892
   0.2336250
   -1.1163643
   3.0939646
   1.4994992
   -0.6631077
  -2.2812759
   3.0644017
   -1.2191550
  -1.5037676
   3.0141603
   -0.9363361
  -2.7200725
   3.8700293
   -0.8287635
   2.2784567
   3.0646242
    0.0838952
   1.9930142
   3.0220953
   -0.8922172
   2.7572104
   3.8910627
    0.5268588
  -2.1575462
  -2.9653904
    1.1909968
  -1.4688493
  -2.9945363
    0.7820653
  -2.7058031
  -2.2234228
    0.8887517
   2.0827101
  -2.8512386
    0.9653141
   2.6126435
  -2.0578026
   -0.0486877
   1.9074571
  -2.9332499
    1.2070744
  -3.7708822
  -0.8409287
    0.4198857
  -3.7054419
  -0.3002961
    1.2075941
  -4.6748626
  -1.1556525
    1.2120744
   3.5806228
  -0.5593932
    1.5710676
   4.4461412
  -0.7549280
    1.9118575
   3.1322418
  -0.0845354
    1.8680608
  -1.2189665
   2.8962974
    0.9993349
  -1.6141193
   2.9697935
    2.2473916
  -1.6172788
   2.1129153
    1.7330739
   1.4963178
   2.9437136
    2.2603415
   1.7546403
   2.1877438
    1.8205176
   0.5439357
   2.9831337
    2.3825601
  -0.1357503
  -3.0312928
    1.8404564
   0.6508915
  -2.9717086
    2.8693902
  -0.0303656
  -3.8486805
    3.0053220
  -2.3519162
   0.6483010
    3.6848259
  -2.9867752
   0.8751503
    2.3789762
  -2.8486072
   0.1217833
    3.2238013
   2.2780990
   0.7626678
    4.0913150
   2.5272409
   1.0813846
    3.3717350
   1.4705479
   0.2705207
    3.6629442
   0.0092183
  -0.6083600
    3.4519430
  -0.8162845
  -0.1721771
    3.2483446
  -0.0608914
  -1.4682576
